$ANSIBLE_VAULT;1.1;AES256
33376336613761616165326365633263666264653237343563613736346237323738656637653436
6666303438373238626634616332623462613033323139310a323130303761616666363139396366
31386234303731626666613432333731306638353231613831303863643530383538323937633333
6464376566653165310a653339623438303735326665393538383433663134646530383736306331
62393537316466646237346533643338373961333662356233393465356432626461643766633865
66643737306135643937653139336232393934396433306633643430396236306335623638633033
31333637366565346263623061306332356639656539373439613738613063653133623334343566
37666431643030633763326562346235636237326561366564386131396264323734313439316161
30363736363635343164653630343838343133316335636530333631393162343335356239333537
34613934633136633730373137646631366133393137346437656337313031616337373765393433
613532313438313333343162636535326466
